{
 "width":1920,
 "height":1080,
 "top":148,
 "left":703,
 "bottom":673,
 "right":703,
 "opacity":1.0000000,
 "messagex":0.220000,
 "messagey":0.120000
}