{
 "width":1920,
 "height":1080,
 "top":96,
 "left":82,
 "bottom":192,
 "right":82,
 "opacity":1.0000000,
 "messagex":0.220000,
 "messagey":0.120000
}