{
 "width":1920,
 "height":1080,
 "top":71,
 "left":532,
 "bottom":305,
 "right":532,
 "opacity":1.0000000,
 "messagex":0.220000,
 "messagey":0.120000
}