{
 "width":1920,
 "height":1080,
 "top":167,
 "left":642,
 "bottom":337,
 "right":642,
 "opacity":1.0000000,
 "messagex":0.220000,
 "messagey":0.120000
}