{
 "width":1920,
 "height":1080,
 "top":107,
 "left":659,
 "bottom":234,
 "right":659,
 "opacity":1.0000000,
 "messagex":0.220000,
 "messagey":0.120000
}