{
 "width":1920,
 "height":1080,
 "top":72,
 "left":624,
 "bottom":72,
 "right":624,
 "opacity":1.0000000,
 "messagex":0.220000,
 "messagey":0.120000
}