{
   "width":1920,
   "height":1080,
   "top":94,
   "left":400,
   "bottom":118,
   "right":400,
   "opacity":1.0000000,
   "messagex":0.220000,
   "messagey":0.120000
}