{
   "width":1920,
   "height":1080,
   "top":42,
   "left":500,
   "bottom":120,
   "right":500,
   "opacity":1.0000000,
   "messagex":0.220000,
   "messagey":0.120000
}
