{
 "width":1920,
 "height":1080,
 "top":65,
 "left":495,
 "bottom":55,
 "right":495,
 "opacity":1.0000000,
 "messagex":0.200000,
 "messagey":0.200000
}
