{
   "width":1920,
   "height":1080,
   "top":11,
   "left":498,
   "bottom":17,
   "right":498,
   "opacity":1.0000000,
   "messagex":0.220000,
   "messagey":0.120000
}