{
 "width":1920,
 "height":1080,
 "top":159,
 "left":655,
 "bottom":339,
 "right":655,
 "opacity":1.0000000,
 "messagex":0.220000,
 "messagey":0.120000
}