{
 "width":1920,
 "height":1080,
 "top":133,
 "left":680,
 "bottom":133,
 "right":680,
 "opacity":1.0000000,
 "messagex":0.220000,
 "messagey":0.120000
}