{
 "width":1920,
 "height":1080,
 "top":178,
 "left":402,
 "bottom":178,
 "right":402,
 "opacity":1.0000000,
 "messagex":0.220000,
 "messagey":0.120000
}