{
 "width":1920,
 "height":1080,
 "top":28,
 "left":480,
 "bottom":140,
 "right":480,
 "opacity":1.0000000,
 "messagex":0.220000,
 "messagey":0.120000
}