{
 "width":1920,
 "height":1080,
 "top":356,
 "left":729,
 "bottom":340,
 "right":729,
 "opacity":1.0000000,
 "messagex":0.220000,
 "messagey":0.120000
}