{
   "width":1920,
   "height":1080,
   "top":3,
   "left":533,
   "bottom":6,
   "right":535,
   "opacity":1.0000000,
   "messagex":0.220000,
   "messagey":0.120000
}
