{
   "width":1920,
   "height":1080,
   "top":110,
   "left":54,
   "bottom":34,
   "right":54,
   "opacity":1.0000000,
   "messagex":0.220000,
   "messagey":0.120000
}
