{
   "width":1920,
   "height":1080,
   "top":97,
   "left":290,
   "bottom":97,
   "right":298,
   "opacity":1.0000000,
   "messagex":0.220000,
   "messagey":0.120000
}
