{
   "width":1920,
   "height":1080,
   "top":106,
   "left":0,
   "bottom":107,
   "right":0,
   "opacity":1.0000000,
   "messagex":0.220000,
   "messagey":0.120000
}
