{
   "width":1920,
   "height":1080,
   "top":31,
   "left":447,
   "bottom":100,
   "right":449,
   "opacity":1.0000000,
   "messagex":0.220000,
   "messagey":0.120000
}