{
   "width":1920,
   "height":1080,
   "top":179,
   "left":545,
   "bottom":186,
   "right":555,
   "opacity":1.0000000,
   "messagex":0.220000,
   "messagey":0.120000
}

