{
   "width":1920,
   "height":1080,
   "top":103,
   "left":282,
   "bottom":111,
   "right":283,
   "opacity":1.0000000,
   "messagex":0.220000,
   "messagey":0.120000
}