{
   "width":1920,
   "height":1080,
   "top":4,
   "left":284,
   "bottom":4,
   "right":284,
   "opacity":1.0000000,
   "messagex":0.220000,
   "messagey":0.120000
}