{
   "width":1920,
   "height":1080,
   "top":179,
   "left":324,
   "bottom":57,
   "right":311,
   "opacity":1.0000000,
   "messagex":0.220000,
   "messagey":0.120000
}