{
   "width":1920,
   "height":1080,
   "top":91,
   "left":593,
   "bottom":57,
   "right":594,
   "opacity":1.0000000,
   "messagex":0.220000,
   "messagey":0.120000
}