{
 "width":1920,
 "height":1080,
 "top":29,
 "left":440,
 "bottom":115,
 "right":440,
 "opacity":1.0000000,
 "messagex":0.220000,
 "messagey":0.120000
}
