{
 "width":1920,
 "height":1080,
 "top":70,
 "left":360,
 "bottom":210,
 "right":360,
 "opacity":1.0000000,
 "messagex":0.220000,
 "messagey":0.120000
}