{
 "width":1920,
 "height":1080,
 "top":74,
 "left":544,
 "bottom":174,
 "right":544,
 "opacity":1.0000000,
 "messagex":0.220000,
 "messagey":0.120000
}