{
 "width":1920,
 "height":1080,
 "top":194,
 "left":504,
 "bottom":215,
 "right":504,
 "opacity":1.0000000,
 "messagex":0.220000,
 "messagey":0.120000
}