{
 "width":1920,
 "height":1080,
 "top":197,
 "left":352,
 "bottom":197,
 "right":352,
 "opacity":1.0000000,
 "messagex":0.220000,
 "messagey":0.120000
}