{
 "width":1920,
 "height":1080,
 "top":117,
 "left":669,
 "bottom":244,
 "right":669,
 "opacity":1.0000000,
 "messagex":0.220000,
 "messagey":0.120000
}