{
 "width":1920,
 "height":1080,
 "top":176,
 "left":538,
 "bottom":269,
 "right":538,
 "opacity":1.0000000,
 "messagex":0.220000,
 "messagey":0.120000
}