{
 "width":1920,
 "height":1080,
 "top":145,
 "left":560,
 "bottom":295,
 "right":560,
 "opacity":1.0000000,
 "messagex":0.220000,
 "messagey":0.120000
}