{
 "width":1920,
 "height":1080,
 "top":171,
 "left":672,
 "bottom":333,
 "right":672,
 "opacity":1.0000000,
 "messagex":0.220000,
 "messagey":0.120000
}