{
 "width":1920,
 "height":1080,
 "top":157,
 "left":288,
 "bottom":139,
 "right":288,
 "opacity":1.0000000,
 "messagex":0.220000,
 "messagey":0.120000
}