{
 "width":1920,
 "height":1080,
 "top":106,
 "left":596,
 "bottom":247,
 "right":596,
 "opacity":1.0000000,
 "messagex":0.220000,
 "messagey":0.120000
}